C250
Temp_data = [18.5,26.1,28.4,31.3,34.7,37.5,40.3,43.5,46.4,49.2,52.3,55.5,58.6,61.5,64.6,67.6,70.6,73.8];
Time_data = [0.810781,0.772383,0.765314,0.749764,0.729424,0.716717,0.701960,0.676742,0.657218,0.635829,0.616400,0.596011,0.573275,0.549800,0.527076,0.505693,0.484128,0.466280];

C251
Temp_data = [18.6,25.7,28.6,31.5,34.5,37.4,40.6,43.4,46.4,49.1,52.2,55.3,59.5,61.5,64.6,67.5,70.3,73.2];
Time_data = [0.788237,0.754700,0.736129,0.722019,0.706415,0.691412,0.676500,0.659877,0.642522,0.620629,0.605050,0.585192,0.554760,0.540332,0.519486,0.499534,0.479904,0.460618];

C252
Temp_data = [18.8,25.5,28.6,31.5,34.5,37.4,40.6,43.5,46.6,49.4,52.4,55.5,58.6,61.5,64.6,67.6,70.5,73.5,75.1];
Time_data = [0.795447,0.759882,0.736436,0.724169,0.706485,0.688784,0.674253,0.656986,0.634973,0.614378,0.592918,0.571792,0.546908,0.531400,0.509300,0.487910,0.466271,0.445444,0.433680];

C253
Temp_data = [19.1,22.5,25.4,28.5,31.3,34.5,37.6,40.7,46.5,49.6,52.3,55.4,58.0,61.6,64.5,67.8,70.0,73.4];
Time_data = [0.820304,0.808656,0.793545,0.777383,0.756200,0.741427,0.724844,0.708636,0.672305,0.656213,0.638683,0.617618,0.596044,0.572644,0.546275,0.519112,0.506067,0.474200];

C254
Temp_data = [19.1,22.5,25.4,28.4,31.2,34.4,37.6,40.6,43.2,46.5,49.6,52.3,55.3,57.8,61.7,64.6,67.4,71.1,73.3];
Time_data = [0.777844,0.762695,0.748683,0.738292,0.723867,0.704350,0.688080,0.675933,0.668017,0.649010,0.629800,0.615221,0.595521,0.580920,0.554600,0.528420,0.509337,0.482569,0.470243];

C255
Temp_data = [19.0,22.5,25.4,34.3,46.5,49.6,52.4,55.4,58.4,61.5,64.6,67.2,70.5,74.0];
Time_data = [0.787513,0.776072,0.762233,0.717910,0.652505,0.635924,0.617700,0.594733,0.573750,0.564500,0.539293,0.525155,0.498525,0.467050];

C256
Temp_data = [21.2,24.4,27.5,30.7,33.9,36.6,39.6,42.4,45.4,48.4,51.6,54.6,57.6,60.5,63.5,66.5,69.7,72.7,75.4];
Time_data = [0.767918,0.754424,0.743200,0.725214,0.711146,0.699982,0.681867,0.667073,0.649329,0.630273,0.612437,0.593306,0.573910,0.555454,0.532747,0.511394,0.488883,0.467210,0.447567];

C257
Temp_data = [21.3,24.4,27.5,30.7,33.7,36.5,39.5,42.4,45.3,48.4,51.4,54.4,57.5,60.4,63.5,66.5,69.7,72.6,75.4];
Time_data = [0.740257,0.725661,0.714786,0.702714,0.685900,0.674106,0.660336,0.644685,0.628005,0.610927,0.595153,0.575911,0.558510,0.537728,0.517010,0.495617,0.473847,0.452260,0.434160];

C258
Temp_data = [21.2,24.5,27.5,30.7,33.8,36.6,39.6,42.4,45.4,48.4,51.4,54.5,57.5,60.4,63.5,66.5,69.7,72.6,75.3];
Time_data = [0.883800,0.865773,0.845950,0.829158,0.811175,0.794413,0.776605,0.762174,0.739827,0.714877,0.688715,0.663150,0.638188,0.611995,0.583639,0.556594,0.528194,0.503139,0.480189];

C259
Temp_data = [23.3,26.3,29.5,32.4,35.5,38.6,41.9,44.7,47.6,50.5,53.7,56.5,59.4,62.4,65.4,68.6,71.6,73.4];
Time_data = [0.723051,0.706433,0.691987,0.676992,0.663185,0.647367,0.634421,0.617593,0.599652,0.583268,0.563857,0.548823,0.531587,0.514550,0.492935,0.474971,0.455807,0.444890];

C260
Temp_data = [23.2,26.4,29.6,32.5,35.6,38.6,41.7,44.6,47.5,50.4,53.7,56.5,59.5,62.5,65.4,68.6,71.7,73.4];
Time_data = [0.776218,0.763726,0.751771,0.736933,0.720608,0.704550,0.686069,0.667613,0.651210,0.631500,0.612148,0.594329,0.573995,0.552722,0.528356,0.507205,0.485224,0.473138];

C261
Temp_data = [23.3,26.4,29.6,32.5,35.6,38.6,41.8,44.7,47.6,50.4,53.7,56.5,59.5,62.5,65.3,68.5,71.7,73.4];
Time_data = [0.780552,0.764489,0.747550,0.731050,0.713750,0.697060,0.681500,0.663764,0.647850,0.629139,0.609018,0.591133,0.570664,0.547994,0.526789,0.503890,0.481472,0.468389];

C262
Temp_data = [22.8,25.3,28.5,31.4,34.7,37.5,40.3,43.3,46.7,49.6,52.5,55.5,58.6,61.5,64.5,67.5,70.5,73.6,75.9];
Time_data = [0.851012,0.839389,0.824280,0.810255,0.794533,0.777110,0.763427,0.746067,0.723670,0.705420,0.682437,0.655440,0.625321,0.601867,0.569808,0.544142,0.518429,0.494107,0.476950];

C263
Temp_data = [22.7,25.3,28.7,31.6,34.4,36.9,43.7,46.6,49.6,52.5,55.4,58.4,60.7,65.2,67.5,70.5,73.4,75.8];
Time_data = [0.821218,0.808705,0.792808,0.777975,0.768543,0.758625,0.712650,0.694726,0.682367,0.660945,0.644277,0.626329,0.608600,0.559117,0.541723,0.520075,0.498240,0.479779];

C264
Temp_data = [22.9,25.3,28.6,31.5,34.7,37.6,40.5,43.5,46.5,49.5,52.4,55.5,58.5,61.5,64.5,67.6,70.5,73.5,75.9];
Time_data = [0.758472,0.748862,0.734687,0.722208,0.708691,0.694582,0.680536,0.672147,0.656884,0.634209,0.616009,0.596581,0.575627,0.554143,0.531569,0.508700,0.486624,0.465044,0.448975];

C265
Temp_data = [18.3,21.5,24.3,27.1,30.2,33.3,36.4,39.5,42.7,45.5,48.4,51.4,54.4,57.5,60.7,63.6,66.5,69.6,72.7,74.5];
Time_data = [0.815959,0.804189,0.792200,0.778438,0.763538,0.747991,0.728400,0.713031,0.696389,0.681118,0.664086,0.645880,0.627900,0.606808,0.580913,0.558493,0.535253,0.511386,0.489490,0.477308];

C266
Temp_data = [18.3,21.5,24.3,27.2,30.2,33.3,36.3,39.4,42.7,45.5,48.4,51.4,54.5,57.4,60.6,63.6,66.6,69.6,72.7,74.5];
Time_data = [0.790779,0.778084,0.767433,0.756362,0.744100,0.729333,0.715192,0.699550,0.684160,0.668195,0.651986,0.633581,0.613507,0.594815,0.573833,0.550140,0.530353,0.508519,0.487343,0.475100];

C267
Temp_data = [18.3,21.6,24.4,27.3,30.2,33.2,36.3,39.5,42.7,45.5,48.4,51.4,54.4,57.5,60.7,63.6,66.6,69.7,72.7,74.5];
Time_data = [0.763967,0.754745,0.741381,0.730938,0.717646,0.703350,0.690507,0.674533,0.659095,0.644114,0.627157,0.609269,0.589407,0.569636,0.547256,0.526280,0.506228,0.485568,0.465012,0.453446];

C268
Temp_data = [15.7,19.5,22.5,25.4,28.5,31.6,34.6,37.6,40.2,46.1,49.6,52.4,56.0,58.7,61.6,64.5,67.6,70.6,73.5,75.7];
Time_data = [0.810570,0.797067,0.788291,0.774607,0.763814,0.750308,0.742062,0.729678,0.716840,0.669863,0.659567,0.640841,0.625000,0.597771,0.572650,0.557379,0.534880,0.512625,0.490559,0.475009];

C269
Temp_data = [15.7,19.5,22.7,25.4,28.5,31.7,34.5,37.4,40.2,43.1,46.3,49.5,52.4,56.1,58.5,60.7,64.7,67.7,70.6,73.5,75.7];
Time_data = [0.865747,0.847243,0.832225,0.818283,0.803292,0.787023,0.772490,0.755236,0.740340,0.727967,0.696189,0.678800,0.661952,0.640640,0.620011,0.602633,0.584400,0.558850,0.532607,0.505906,0.485760];

C270
Temp_data = [15.7,19.5,22.6,25.4,28.4,31.6,34.6,37.5,40.3,43.7,46.1,49.5,52.4,62.3,64.5,67.6,70.5,73.5,75.7];
Time_data = [0.853166,0.833886,0.820208,0.806077,0.790769,0.776757,0.757364,0.740690,0.723927,0.705411,0.683363,0.667968,0.647627,0.578311,0.557980,0.536493,0.516306,0.498741,0.484044];

C271
Temp_data = [18.9,22.4,25.5,28.6,31.6,34.8,37.5,40.5,43.3,46.5,49.7,52.5,55.6,58.4,61.6,64.5,67.5,70.7,73.5,75.7];
Time_data = [0.773836,0.758825,0.743625,0.730800,0.715529,0.700150,0.689944,0.673737,0.660284,0.644550,0.627350,0.607354,0.590064,0.570679,0.551350,0.530144,0.506600,0.486189,0.462917,0.446700];

C272
Temp_data = [18.9,22.4,25.5,28.5,31.5,34.7,37.6,40.5,43.3,46.5,49.8,52.6,55.6,58.4,61.6,64.5,67.5,70.4,73.7,75.7];
Time_data = [0.839579,0.821936,0.807900,0.792944,0.775615,0.761200,0.752962,0.741219,0.723639,0.702336,0.680238,0.656600,0.634740,0.612231,0.590892,0.572000,0.550447,0.531321,0.494785,0.474182];

C273
Temp_data = [19.0,22.4,25.4,28.4,31.8,34.4,38.2,40.4,43.3,46.5,49.5,52.8,55.5,58.6,61.6,64.2,67.5,70.1,74.5,75.7];
Time_data = [0.831119,0.816543,0.803700,0.790983,0.782244,0.771971,0.733960,0.719157,0.700216,0.678079,0.657545,0.633763,0.615340,0.589927,0.571914,0.558325,0.541774,0.523467,0.473475,0.462958];

C274
Temp_data = [16.4,19.3,22.3,25.8,28.1,31.4,34.6,37.4,40.5,44.3,46.4,49.5,52.4,55.5,58.4,61.4,64.5,67.4,70.4,73.5,76.6,79.2];
Time_data = [0.799775,0.786507,0.776507,0.758867,0.749773,0.732990,0.707188,0.691750,0.674146,0.659725,0.649191,0.630771,0.612764,0.593716,0.574502,0.555626,0.533008,0.512542,0.491834,0.469375,0.447498,0.430492];

C275
Temp_data = [16.4,19.5,22.6,25.6,28.3,31.6,34.7,37.4,40.5,44.4,46.4,49.5,52.4,55.4,58.5,61.4,64.5,67.4,70.4,73.5,76.6,79.2];
Time_data = [0.827940,0.806950,0.795291,0.780600,0.763492,0.747570,0.729329,0.715950,0.699692,0.680117,0.666765,0.649989,0.631634,0.612459,0.593560,0.574989,0.553650,0.533022,0.511672,0.489249,0.465265,0.442164];

C276
Temp_data = [21.2,24.3,27.4,30.5,33.6,36.6,39.4,42.6,45.4,48.3,51.5,54.6,57.5,60.7,63.5,66.5,69.5,72.5,74.4];
Time_data = [0.788179,0.774556,0.760893,0.744536,0.729050,0.718844,0.703454,0.685725,0.666577,0.655436,0.630246,0.611927,0.592431,0.574950,0.556000,0.531074,0.510633,0.489296,0.473740];

C277
Temp_data = [18.2,21.4,24.6,27.3,30.4,33.4,36.3,39.5,42.6,45.4,48.8,51.6,54.6,57.8,60.5,63.1,66.4,69.5,72.5,74.2];
Time_data = [0.832890,0.817180,0.800013,0.791069,0.776226,0.761247,0.747414,0.734133,0.721322,0.704407,0.689064,0.668106,0.646008,0.620435,0.596934,0.575010,0.556950,0.524195,0.501733,0.487833];

C278
Temp_data = [18.1,21.4,24.5,27.3,30.5,33.5,36.3,39.5,42.6,45.6,48.9,51.5,54.5,57.8,60.4,63.4,66.3,69.3,72.4];
Time_data = [0.789930,0.771850,0.754333,0.746373,0.733055,0.720795,0.708650,0.693031,0.677330,0.663959,0.645960,0.626844,0.610069,0.586885,0.568274,0.548978,0.536048,0.517842,0.499337];

C279
Temp_data = [23.6,26.3,29.5,32.8,36.0,38.6,41.7,44.5,47.7,50.4,53.4,56.6,59.3,62.5,65.6,68.5,71.6,73.9];
Time_data = [0.831350,0.812695,0.793467,0.778192,0.766089,0.755386,0.744155,0.724543,0.697811,0.678855,0.653155,0.632175,0.615617,0.589121,0.564857,0.539783,0.515456,0.502608];

C280
Temp_data = [15.4,18.4,21.6,24.2,27.6,30.7,33.7,36.6,39.5,42.3,45.5,48.5,51.7,54.7,57.5,60.5,63.5,66.4,69.8,72.7,74.9];
Time_data = [0.824227,0.808971,0.795778,0.785062,0.766475,0.755458,0.739083,0.723208,0.709953,0.692362,0.676643,0.657494,0.637788,0.622222,0.603711,0.578773,0.553719,0.533350,0.506837,0.483386,0.466344];

C281
Temp_data = [15.3,18.4,21.6,24.2,27.8,30.6,33.6,36.7,39.6,42.4,45.4,48.6,51.6,54.7,57.5,60.5,63.6,66.4,69.7,72.7,74.8];
Time_data = [0.778860,0.763600,0.752409,0.741658,0.726121,0.717923,0.708815,0.691969,0.680194,0.664785,0.651069,0.632112,0.615429,0.597490,0.578528,0.559156,0.542764,0.522919,0.500105,0.477281,0.464186];

C282
Temp_data = [15.4,18.3,21.5,24.1,27.6,30.7,33.6,36.7,39.5,42.3,45.5,48.5,51.5,54.7,57.5,60.3,63.4,66.3,69.7,72.7,74.9];
Time_data = [0.824289,0.809338,0.800020,0.788275,0.774331,0.751831,0.737420,0.719758,0.702100,0.681942,0.665927,0.650194,0.631729,0.608635,0.584988,0.569113,0.548331,0.524844,0.503938,0.481462,0.464887];